8.20355e+08 5.0811e+06 3.33604e+06 5.68513e+06 2.99889e+07 697619 631527 1.29374e+06 5.84361e+06 768195 1.72273e+06 6.71283e+06 3.80443e+06 1.36726e+07 5.19875e+07 
7.61493e+08 3.81591e+06 2.30034e+06 3.87636e+06 2.32474e+07 509172 403967 795866 4.12553e+06 428059 931695 4.04611e+06 2.01605e+06 8.0543e+06 3.50713e+07 
1.24468e+09 1.22303e+07 7.14527e+06 8.65751e+06 3.44774e+07 1.05379e+06 479258 676634 4.14396e+06 240845 355290 2.2588e+06 528873 3.43308e+06 2.22251e+07 
1.2182e+09 1.31824e+07 7.73864e+06 8.86091e+06 3.42459e+07 1.07276e+06 510153 723048 4.20063e+06 260597 382943 2.33954e+06 581705 3.67366e+06 2.42402e+07 
1.20004e+09 1.25842e+07 7.32848e+06 8.96955e+06 3.64048e+07 1.10458e+06 515397 721776 4.22808e+06 263552 382272 2.28124e+06 571369 3.54652e+06 2.29164e+07 
1.19919e+09 1.27067e+07 7.27435e+06 8.70278e+06 3.40575e+07 1.1391e+06 507373 693779 4.0858e+06 254950 367107 2.24178e+06 538698 3.39605e+06 2.20871e+07 
1.16574e+09 5.14392e+06 1.97431e+06 1.98284e+06 9.43461e+06 376214 159363 222101 1.24955e+06 77349.4 119977 709072 188411 1.10082e+06 6.32179e+06 
1.76885e+09 3.90698e+06 1.4358e+06 1.71641e+06 8.16521e+06 325523 149667 198178 1.03901e+06 74645.1 106517 609276 161801 998510 6.1822e+06 
1.67865e+09 5.54604e+06 2.1334e+06 2.12291e+06 1.01601e+07 415182 163944 212484 1.24236e+06 70951 104378 645187 154416 967725 6.35058e+06 
1.59578e+09 2.32591e+07 8.80229e+06 8.88264e+06 4.08052e+07 480367 212914 285806 1.78858e+06 99575.9 140446 869363 204667 1.26404e+06 8.14355e+06 
2.12255e+09 7.81635e+06 2.69715e+06 3.14685e+06 2.1565e+07 254149 114662 176926 1.20685e+06 54310.6 83985.7 558183 126925 819408 5.15963e+06 
1.51222e+09 2.85593e+07 1.35247e+07 1.1315e+07 3.73162e+07 483179 177614 192753 963790 64058.5 72862.2 410887 89417.1 542321 3.349e+06 
1.07174e+09 6.32069e+06 2.85219e+06 4.07547e+06 2.37641e+07 431380 232529 358212 2.17732e+06 128773 199954 1.22608e+06 307060 1.9111e+06 1.23094e+07 
2.23587e+09 1.4243e+07 4.2672e+06 3.9113e+06 2.60295e+07 134483 70690.9 112521 766355 36592.7 57319.9 381115 89203 591269 3.87305e+06 
7.58348e+08 1.08455e+07 4.80005e+06 5.97963e+06 2.99091e+07 549509 290551 424410 2.4889e+06 158728 237658 1.39712e+06 367118 2.17535e+06 1.32951e+07 
1.12239e+09 1.38895e+07 8.1434e+06 1.42587e+07 7.5248e+07 814609 448154 701838 4.31626e+06 244271 380886 2.4003e+06 594284 3.77214e+06 2.37758e+07 
1.96388e+09 2.03028e+07 7.1494e+06 6.75577e+06 2.58284e+07 761938 305535 414663 2.04306e+06 110120 151776 838703 193852 1.10457e+06 6.52416e+06 
9.63332e+08 1.20915e+07 4.77194e+06 5.70386e+06 2.95481e+07 898215 400034 512096 2.79556e+06 185935 248054 1.38582e+06 345639 2.00723e+06 1.27474e+07 
1.09645e+09 1.28919e+07 4.75779e+06 5.20845e+06 2.53309e+07 1.10556e+06 461015 567358 3.06001e+06 208731 278432 1.62918e+06 393869 2.42827e+06 1.55666e+07 
1.1013e+09 1.21374e+07 4.60388e+06 5.24851e+06 2.49103e+07 1.14258e+06 495379 617935 3.33744e+06 230574 311521 1.88179e+06 454359 2.88633e+06 1.82785e+07 
1.11117e+09 1.15435e+07 4.22264e+06 4.86752e+06 2.4239e+07 1.03755e+06 455006 580178 3.11981e+06 218210 296288 1.70452e+06 420995 2.58036e+06 1.69932e+07 
1.12905e+09 1.21211e+07 4.87869e+06 5.74416e+06 2.75539e+07 1.18783e+06 538063 694515 3.71884e+06 263701 364811 2.08865e+06 537655 3.23733e+06 2.07662e+07 
1.09508e+09 1.23098e+07 4.29725e+06 4.77437e+06 2.32967e+07 1.02969e+06 444118 567816 3.03686e+06 215991 297378 1.70181e+06 429175 2.59326e+06 1.68909e+07 
1.11521e+09 1.19153e+07 4.71892e+06 5.49947e+06 2.68478e+07 1.18971e+06 547432 694794 3.62739e+06 274435 371589 2.06413e+06 537599 3.2112e+06 2.15103e+07 
1.04454e+09 1.18109e+07 4.56936e+06 5.43887e+06 2.72847e+07 1.14899e+06 528730 687091 3.70905e+06 261146 359415 2.0568e+06 519985 3.1155e+06 1.9691e+07 
1.15625e+09 1.17223e+07 3.72755e+06 3.93515e+06 1.87729e+07 957215 392196 480894 2.55883e+06 180691 244567 1.4312e+06 356613 2.22119e+06 1.43255e+07 
1.21398e+09 1.13891e+07 3.87256e+06 4.17765e+06 2.05683e+07 1.03079e+06 432615 525724 2.78914e+06 204676 272091 1.54517e+06 395364 2.40884e+06 1.59019e+07 
1.36193e+09 1.12542e+07 2.95324e+06 3.02125e+06 1.4918e+07 783725 297079 350346 1.82678e+06 135115 176871 973901 252395 1.47925e+06 9.61099e+06 
1.26128e+09 1.18419e+07 3.36415e+06 3.38292e+06 1.61561e+07 780232 295282 365891 2.03256e+06 133144 186317 1.12104e+06 275939 1.70525e+06 1.07132e+07 
1.30095e+09 1.15493e+07 3.01684e+06 3.01339e+06 1.52702e+07 835168 325503 397711 2.13389e+06 156696 216929 1.21968e+06 321923 1.90615e+06 1.23388e+07 
1.27984e+09 1.2771e+07 3.6857e+06 3.47353e+06 1.59223e+07 984948 364158 404629 2.1019e+06 160360 208512 1.20201e+06 306682 1.90259e+06 1.24052e+07 
1.27235e+09 1.22802e+07 3.57447e+06 3.62967e+06 1.77159e+07 903447 354755 424926 2.32655e+06 163030 220087 1.31262e+06 321037 1.98371e+06 1.2062e+07 
1.21853e+09 1.29146e+07 3.26733e+06 3.16636e+06 1.45436e+07 796915 297007 358237 1.85228e+06 133118 178547 1.00653e+06 257344 1.55452e+06 1.00426e+07 
1.23735e+09 1.30319e+07 3.3462e+06 3.2461e+06 1.5093e+07 816176 298548 347754 1.86209e+06 130135 168418 969739 235016 1.42539e+06 9.27736e+06 
1.218e+09 1.33521e+07 3.23773e+06 3.07785e+06 1.39789e+07 869784 314284 367558 1.83604e+06 140175 183245 992845 257814 1.49835e+06 9.48335e+06 
1.33254e+09 1.24867e+07 3.14401e+06 2.97828e+06 1.38147e+07 799867 294126 339623 1.75298e+06 130653 170375 937034 243431 1.42415e+06 9.15667e+06 
